[S]	151	766	352
[S]	151	751	352
[S]	151	766	352
[S]	151	766	352
[S]	151	751	334
[S]	151	751	352
[S]	151	751	334
[S]	151	751	352
[S]	151	751	352
[S]	151	766	352
[S]	151	766	352
[S]	151	766	352
[S]	151	751	352
[S]	151	766	334
[S]	151	766	352
[S]	151	766	352
[S]	151	766	352
[S]	151	751	352
[S]	151	766	352
[S]	151	766	352
[S]	151	766	352
[S]	151	766	352
[S]	151	766	352
[S]	151	751	352
[S]	151	751	352
[S]	151	766	352
[S]	151	766	352
[S]	151	766	352
[S]	151	766	352
[S]	151	751	352
[S]	151	766	352
[S]	151	751	352
[S]	151	751	352
[S]	166	751	367
[S]	151	766	352
[S]	151	766	352
[S]	151	751	352
[S]	151	766	352
[S]	151	751	352
[S]	151	766	352
[S]	151	766	352
[S]	151	751	352
[S]	151	766	352
[S]	151	766	352
[S]	151	751	334
[S]	151	766	334
[S]	151	766	352
[S]	151	766	352
[S]	151	751	334
[S]	151	766	352
[S]	151	766	352
[S]	151	766	352
[S]	151	766	352
[S]	151	766	352
[S]	166	751	352
[S]	151	751	352
[S]	151	751	352
[S]	151	751	352
[S]	151	751	352
[S]	151	751	352
[S]	151	751	352
[S]	151	766	352
[S]	151	751	352
[S]	151	766	352
[S]	151	766	352
[S]	151	766	352
[S]	151	766	352
[S]	151	766	352
[S]	151	751	352
[S]	151	766	334
[S]	151	766	352
[S]	151	751	352
[S]	151	766	352
[S]	151	766	352
[S]	151	766	352
[S]	151	751	352
[S]	151	751	334
[S]	151	766	352
[S]	151	766	352
[S]	151	751	352
[S]	151	766	352
[S]	151	751	352
[S]	151	751	352
[S]	151	766	352
[S]	151	766	352
[S]	151	766	352
[S]	151	751	352
[S]	151	751	352
[S]	151	766	352
[S]	151	766	352
[S]	151	766	352
[S]	151	751	352
[S]	151	751	352
[S]	151	766	334
[S]	151	751	352
[S]	151	766	352
[S]	151	766	352
[S]	151	766	352
[S]	151	766	352
[S]	151	751	352
[S]	151	766	352
[S]	151	766	352
[S]	151	766	352
[S]	151	751	352
[S]	151	751	352
[S]	151	751	352
[S]	151	766	352
[S]	151	766	352
[S]	151	751	352
[S]	151	751	352
[S]	166	766	352
[S]	151	751	352
[S]	151	766	352
[S]	166	766	352
[S]	151	751	334
[S]	166	766	352
[S]	151	751	352
[S]	151	766	352
[S]	151	766	352
[S]	166	751	352
[S]	151	751	334
[S]	151	766	352
[S]	151	751	352
[S]	151	766	352
[S]	151	751	352
[S]	151	751	352
[S]	151	766	352
[S]	151	751	352
[S]	151	751	334
[S]	166	751	352
[S]	151	751	352
[S]	151	751	352
[S]	151	766	352
[S]	151	766	367
[S]	151	766	352
[S]	151	766	352
[S]	166	751	352
[S]	151	766	334
[S]	151	766	352
[S]	151	766	352
[S]	151	766	352
[S]	151	751	352
[S]	151	766	352
[S]	151	751	352
[S]	133	766	352
[S]	151	766	352
[S]	151	751	352
[S]	151	766	352
[S]	151	751	352
[S]	151	766	352
[S]	166	751	352
[S]	151	751	352
[S]	166	751	352
[S]	151	751	352
[S]	151	766	367
[S]	151	751	352
[S]	166	751	352
[S]	151	766	352
[S]	151	751	352
[S]	151	766	352
[S]	166	766	367
[S]	151	751	352
[S]	151	766	352
[S]	151	766	352
[S]	151	751	352
[S]	151	766	352
[S]	151	751	352
[S]	151	751	334
[S]	151	766	352
[S]	151	766	352
[S]	151	751	352
[S]	151	766	352
[S]	151	766	352
[S]	151	766	352
[S]	151	766	352
[S]	151	766	352
[S]	151	766	352
[S]	151	751	352
[S]	151	766	352
[S]	151	751	352
[S]	151	766	352
[S]	151	766	352
[S]	166	766	352
[S]	166	766	352
[S]	151	751	352
[S]	151	766	352
[S]	151	766	352
[S]	151	751	367
[S]	151	751	352
[S]	151	751	367
[S]	151	766	352
[S]	151	766	352
[S]	151	766	352
[S]	151	751	352
[S]	166	751	352
[S]	151	751	352
[S]	151	766	352
[S]	151	766	352
[S]	151	751	352
[S]	166	766	352
[S]	151	766	352
[S]	166	751	352
[S]	151	751	352
[S]	151	751	352
[S]	151	766	352
[S]	151	751	352
[S]	151	751	352
[S]	151	751	352
[S]	151	766	352
[S]	166	766	352
[S]	151	751	352
[S]	151	766	352
[S]	151	766	352
[S]	166	766	352
[S]	151	766	352
[S]	151	766	352
[S]	133	766	334
[S]	151	766	352
[S]	166	766	352
[S]	151	784	352
[S]	233	600	334
[S]	151	766	352
[S]	151	766	334
[S]	184	733	318
[S]	166	766	367
[S]	166	733	352
[S]	151	751	352
[S]	151	766	352
[S]	166	751	352
[S]	151	751	352
[S]	166	766	352
[S]	151	751	352
[S]	151	766	352
[S]	166	766	352
[S]	151	751	352
[S]	151	751	352
[S]	151	751	352
[S]	166	733	352
[S]	166	766	352
[S]	100	951	367
[S]	151	751	352
[S]	151	751	352
[S]	151	766	352
[S]	151	751	352
[S]	151	766	352
[S]	151	766	352
[S]	166	751	352
[S]	151	751	367
[S]	151	751	352
[S]	151	751	367
[S]	166	766	352
[S]	166	766	367
[S]	166	751	352
[S]	166	751	352
[S]	151	751	352
[S]	151	751	367
[S]	133	784	400
[S]	166	751	352
[S]	166	751	352
[S]	151	751	352
[S]	166	751	352
[S]	151	751	352
[S]	166	751	352
[S]	166	751	367
[S]	166	751	352
[S]	151	766	367
[S]	166	751	352
[S]	151	751	352
[S]	151	766	352
[S]	166	751	352
[S]	151	751	367
[S]	166	751	352
[S]	166	751	352
[S]	151	766	367
[S]	151	766	352
[S]	151	766	352
[S]	151	751	367
[S]	151	766	352
[S]	151	766	352
[S]	166	766	367
[S]	166	766	352
[S]	151	751	352
[S]	166	751	352
[S]	133	766	352
[S]	166	751	367
[S]	151	766	352
[S]	151	766	367
[S]	166	766	352
[S]	166	751	352
[S]	166	766	367
[S]	166	766	352
[S]	151	766	352
[S]	151	766	352
[S]	151	766	385
[S]	166	733	334
[S]	166	751	352
[S]	151	751	352
[S]	151	751	352
[S]	151	751	352
[S]	166	766	352
[S]	151	766	352
[S]	166	751	352
[S]	166	766	352
[S]	151	766	385
[S]	151	766	352
[S]	151	766	367
[S]	151	766	352
[S]	151	766	352
[S]	184	800	385
[S]	166	751	352
[S]	151	751	352
[S]	151	751	352
[S]	151	751	352
[S]	166	766	367
[S]	151	766	352
[S]	151	751	352
[S]	166	766	367
[S]	151	766	352
[S]	166	766	367
[S]	166	751	352
[S]	151	766	352
[S]	166	766	352
[S]	151	766	367
[S]	166	751	352
[S]	151	766	352
[S]	151	751	352
[S]	151	766	367
[S]	151	766	352
[S]	166	751	367
[S]	151	751	352
[S]	151	751	367
[S]	166	751	352
[S]	151	751	352
[S]	166	766	352
[S]	151	766	352
[S]	166	766	367
[S]	166	766	352
[S]	166	751	352
[S]	151	766	352
[S]	166	751	352
[S]	151	766	352
[S]	151	766	367
[S]	166	751	352
[S]	166	751	352
[S]	151	766	352
[S]	166	766	352
[S]	151	766	352
[S]	166	751	352
[S]	166	766	352
[S]	151	766	352
[S]	166	766	352
[S]	151	751	367
[S]	151	751	352
[S]	166	751	352
[S]	166	766	352
[S]	151	766	352
[S]	166	766	367
[S]	166	751	367
[S]	151	766	367
[S]	151	766	352
[S]	166	766	367
[S]	151	766	352
[S]	166	751	352
[S]	166	766	352
[S]	151	766	367
[S]	151	751	367
[S]	151	751	352
[S]	166	766	352
[S]	166	751	352
[S]	166	766	352
[S]	166	766	367
[S]	166	751	367
[S]	151	751	352
[S]	166	766	367
[S]	151	751	367
[S]	166	766	352
[S]	151	766	367
[S]	151	751	367
[S]	151	751	367
[S]	166	766	352
[S]	151	766	352
[S]	166	751	352
[S]	151	766	352
[S]	166	766	367
[S]	151	751	352
[S]	166	766	352
[S]	151	766	367
[S]	166	751	352
[S]	151	751	352
[S]	166	751	352
[S]	166	751	367
[S]	166	766	367
[S]	166	766	367
[S]	151	751	367
[S]	151	751	352
[S]	151	766	352
[S]	218	733	418
[S]	184	751	367
[S]	184	751	367
[S]	151	766	367
[S]	166	766	367
[S]	151	751	352
[S]	151	751	352
[S]	151	766	352
[S]	151	766	352
[S]	151	751	352
[S]	166	766	352
[S]	166	751	352
[S]	166	751	367
[S]	151	766	367
[S]	151	751	352
[S]	166	751	352
[S]	166	766	352
[S]	151	751	352
[S]	151	751	367
[S]	151	766	367
[S]	151	751	352
[S]	151	766	352
[S]	166	766	352
[S]	151	766	367
[S]	166	751	352
[S]	166	766	352
[S]	151	766	352
[S]	166	766	367
[S]	166	766	352
[S]	151	766	367
[S]	166	751	352
[S]	166	751	367
[S]	166	766	352
[S]	166	766	367
[S]	151	766	352
[S]	166	766	352
[S]	166	766	352
[S]	151	766	352
[S]	151	766	352
[S]	166	766	367
[S]	151	751	367
[S]	151	766	367
[S]	166	766	352
[S]	151	766	352
[S]	166	751	352
[S]	151	766	352
[S]	166	766	367
[S]	166	751	367
[S]	166	766	352
[S]	151	751	352
[S]	166	766	352
[S]	151	766	367
[S]	166	766	367
[S]	166	766	352
[S]	166	766	352
[S]	151	751	367
[S]	166	766	352
[S]	166	766	352
[S]	166	751	352
[S]	166	766	352
